-3.992 2.45387e-09 4.76157e-06
-3.984 2.62155e-09 0.0167437
-3.976 2.80033e-09 0.0807933
-3.968 2.99093e-09 0.124545
-3.96 3.1941e-09 0.000231532
-3.952 3.41064e-09 4.52039e-08
-3.944 3.64141e-09 0.0524158
-3.936 3.88731e-09 0.0521289
-3.928 4.14929e-09 2.45317e-05
-3.92 4.42837e-09 0.0271362
-3.912 4.72563e-09 0.120629
-3.904 5.04222e-09 0.00726587
-3.896 5.37933e-09 2.10771e-08
-3.888 5.73827e-09 6.64305e-08
-3.88 6.12039e-09 0.123852
-3.872 6.52714e-09 0.057678
-3.864 6.96005e-09 3.81144e-09
-3.856 7.42074e-09 0.0270917
-3.848 7.91094e-09 1.45814e-07
-3.84 8.43246e-09 0.0482797
-3.832 8.98723e-09 0.0472976
-3.824 9.5773e-09 0.11507
-3.816 1.02048e-08 3.59999e-05
-3.808 1.08721e-08 0.00876038
-3.8 1.15816e-08 0.123118
-3.792 1.23358e-08 6.00646e-07
-3.784 1.31375e-08 0.0701801
-3.776 1.39896e-08 0.0472136
-3.768 1.4895e-08 0.0387776
-3.76 1.58571e-08 0.000261569
-3.752 1.68792e-08 0.0150764
-3.744 1.79649e-08 0.0011249
-3.736 1.91181e-08 4.63644e-08
-3.728 2.03427e-08 0.0228629
-3.72 2.16431e-08 0.00790989
-3.712 2.30237e-08 0.0862754
-3.704 2.44894e-08 0.0165299
-3.696 2.6045e-08 2.30539e-07
-3.688 2.76961e-08 0.0188465
-3.68 2.9448e-08 0.00065975
-3.672 3.1307e-08 4.55381e-07
-3.664 3.3279e-08 0.0281943
-3.656 3.53709e-08 0.0173565
-3.648 3.75896e-08 0.0719802
-3.64 3.99425e-08 2.0411e-07
-3.632 4.24373e-08 0.0870303
-3.624 4.50823e-08 0.0125566
-3.616 4.78861e-08 0.00157872
-3.608 5.0858e-08 0.0627066
-3.6 5.40076e-08 0.0140892
-3.592 5.7345e-08 0.0959103
-3.584 6.08811e-08 0.000472059
-3.576 6.46271e-08 0.00169473
-3.568 6.85951e-08 0.0165367
-3.56 7.27976e-08 2.52276e-05
-3.552 7.72478e-08 0.102334
-3.544 8.19599e-08 0.00122154
-3.536 8.69486e-08 0.000295597
-3.528 9.22293e-08 1.01115e-07
-3.52 9.78186e-08 0.000498501
-3.512 1.03734e-07 0.11369
-3.504 1.09993e-07 0.119386
-3.496 1.16615e-07 0.00621533
-3.488 1.2362e-07 3.27883e-07
-3.48 1.31029e-07 0.107375
-3.472 1.38866e-07 0.00127272
-3.464 1.47153e-07 5.61392e-07
-3.456 1.55914e-07 7.89202e-06
-3.448 1.65177e-07 2.1689e-07
-3.44 1.74969e-07 0.111527
-3.432 1.85317e-07 0.0274672
-3.424 1.96253e-07 0.00181693
-3.416 2.07809e-07 0.000180132
-3.408 2.20017e-07 0.123864
-3.4 2.32914e-07 0.0854948
-3.392 2.46535e-07 1.41176e-05
-3.384 2.60921e-07 5.42805e-08
-3.376 2.76112e-07 0.0152406
-3.368 2.9215e-07 0.0132971
-3.36 3.09082e-07 0.00722769
-3.352 3.26954e-07 3.49206e-06
-3.344 3.45817e-07 6.47186e-09
-3.336 3.65721e-07 0.0462476
-3.328 3.86724e-07 0.0563722
-3.32 4.08881e-07 0.0885973
-3.312 4.32254e-07 0.0228113
-3.304 4.56906e-07 0.0270224
-3.296 4.82904e-07 1.17511e-07
-3.288 5.10318e-07 0.00534751
-3.28 5.3922e-07 0.000398508
-3.272 5.69688e-07 0.00437992
-3.264 6.01803e-07 0.0137478
-3.256 6.35648e-07 0.118075
-3.248 6.71314e-07 0.113967
-3.24 7.08892e-07 0.00872034
-3.232 7.4848e-07 0.0444588
-3.224 7.90181e-07 0.00797448
-3.216 8.34101e-07 0.00141331
-3.208 8.80352e-07 0.0467831
-3.2 9.29052e-07 2.36992e-09
-3.192 9.80324e-07 4.66727e-06
-3.184 1.0343e-06 0.0178554
-3.176 1.0911e-06 0.0772541
-3.168 1.15089e-06 0.125225
-3.16 1.2138e-06 0.000183984
-3.152 1.27999e-06 4.51521e-08
-3.144 1.34962e-06 0.0503719
-3.136 1.42286e-06 0.0489425
-3.128 1.49988e-06 1.68207e-05
-3.12 1.58088e-06 0.0253288
-3.112 1.66605e-06 0.11875
-3.104 1.75559e-06 0.00722894
-3.096 1.84971e-06 1.97222e-08
-3.088 1.94863e-06 7.76351e-08
-3.08 2.05258e-06 0.125001
-3.072 2.16181e-06 0.059966
-3.064 2.27658e-06 2.93427e-09
-3.056 2.39713e-06 0.0296569
-3.048 2.52376e-06 1.62747e-07
-3.04 2.65674e-06 0.045178
-3.032 2.79638e-06 0.0481993
-3.024 2.943e-06 0.11577
-3.016 3.09692e-06 3.60105e-05
-3.008 3.25848e-06 0.00800675
-3 3.42804e-06 0.124218
-2.992 3.60598e-06 6.38826e-07
-2.984 3.79268e-06 0.0659574
-2.976 3.98855e-06 0.0472136
-2.968 4.19402e-06 0.0394111
-2.96 4.40952e-06 0.000433228
-2.952 4.63552e-06 0.0148842
-2.944 4.8725e-06 0.00111948
-2.936 5.12095e-06 6.55126e-08
-2.928 5.38141e-06 0.0246109
-2.92 5.6544e-06 0.00717797
-2.912 5.94051e-06 0.0850571
-2.904 6.24032e-06 0.0160391
-2.896 6.55444e-06 1.70229e-07
-2.888 6.88353e-06 0.0187293
-2.88 7.22823e-06 0.000577723
-2.872 7.58925e-06 3.04343e-07
-2.864 7.96732e-06 0.0301889
-2.856 8.36317e-06 0.0158744
-2.848 8.77761e-06 0.0754602
-2.84 9.21144e-06 2.68512e-07
-2.832 9.66551e-06 0.0908334
-2.824 1.01407e-05 0.046743
-2.816 1.06379e-05 0.00132453
-2.808 1.11582e-05 0.0602622
-2.8 1.17024e-05 0.0133323
-2.792 1.22716e-05 0.0944791
-2.784 1.28669e-05 0.000543444
-2.776 1.34895e-05 0.00201213
-2.768 1.41404e-05 0.0172337
-2.76 1.48208e-05 2.1438e-05
-2.752 1.55321e-05 0.105835
-2.744 1.62755e-05 0.00192342
-2.736 1.70523e-05 0.000181997
-2.728 1.78641e-05 1.01558e-07
-2.72 1.87121e-05 0.000429984
-2.712 1.9598e-05 0.115389
-2.704 2.05232e-05 0.119188
-2.696 2.14895e-05 0.00649644
-2.688 2.24984e-05 3.48448e-07
-2.68 2.35519e-05 0.109928
-2.672 2.46516e-05 0.00137615
-2.664 2.57994e-05 6.44759e-07
-2.656 2.69973e-05 7.89202e-06
-2.648 2.82474e-05 2.78304e-07
-2.64 2.95516e-05 0.109951
-2.632 3.09123e-05 0.027561
-2.624 3.23316e-05 0.00154902
-2.616 3.38119e-05 0.000163053
-2.608 3.53555e-05 0.123676
-2.6 3.69651e-05 0.0891848
-2.592 3.86431e-05 1.41176e-05
-2.584 4.03924e-05 6.33506e-08
-2.576 4.22155e-05 0.0145298
-2.568 4.41155e-05 0.0123472
-2.56 4.60953e-05 0.00722695
-2.552 4.8158e-05 3.99521e-06
-2.544 5.03067e-05 6.4146e-09
-2.536 5.25448e-05 0.0448504
-2.528 5.48757e-05 0.525755
-2.52 5.73029e-05 0.0851609
-2.512 5.98301e-05 0.0226138
-2.504 6.24609e-05 0.0272831
-2.496 6.51994e-05 7.2033e-08
-2.488 6.80495e-05 0.00611802
-2.48 7.10154e-05 0.000365608
-2.472 7.41014e-05 0.00500601
-2.464 7.7312e-05 0.0135123
-2.456 8.06517e-05 0.119722
-2.448 8.41252e-05 0.11484
-2.44 8.77375e-05 0.00872034
-2.432 9.14935e-05 0.0415134
-2.424 9.53986e-05 0.00817601
-2.416 9.94581e-05 0.00114867
-2.408 0.000103677 0.0492398
-2.4 0.000108062 0.11111
-2.392 0.000112619 0.11111
-2.384 0.000117353 0.11111
-2.376 0.000122271 0.11111
-2.368 0.00012738 0.11111
-2.36 0.000132685 0.11111
-2.352 0.000138195 0.11111
-2.344 0.000143915 0.11111
-2.336 0.000149854 0.11111
-2.328 0.000156018 0.11111
-2.32 0.000162416 0.11111
-2.312 0.000169055 0.11111
-2.304 0.000175944 0.11111
-2.296 0.000183092 0.11111
-2.288 0.000190506 0.11111
-2.28 0.000198196 0.11111
-2.272 0.00020617 0.11111
-2.264 0.00021444 0.11111
-2.256 0.000223013 0.11111
-2.248 0.000231901 0.11111
-2.24 0.000241113 0.11111
-2.232 0.00025066 0.11111
-2.224 0.000260552 0.11111
-2.216 0.000270802 0.11111
-2.208 0.000281421 0.11111
-2.2 0.00029242 0.11111
-2.192 0.000303811 0.11111
-2.184 0.000315607 0.11111
-2.176 0.00032782 0.11111
-2.168 0.000340465 0.11111
-2.16 0.000353553 0.11111
-2.152 0.000367099 0.11111
-2.144 0.000381118 0.11111
-2.136 0.000395623 0.11111
-2.128 0.000410629 0.11111
-2.12 0.000426153 0.11111
-2.112 0.000442208 0.11111
-2.104 0.000458812 0.11111
-2.096 0.000475981 0.11111
-2.088 0.000493732 0.11111
-2.08 0.000512082 0.11111
-2.072 0.000531048 0.11111
-2.064 0.000550649 0.11111
-2.056 0.000570903 0.11111
-2.048 0.000591829 0.11111
-2.04 0.000613447 0.11111
-2.032 0.000635777 0.11111
-2.024 0.000658838 0.11111
-2.016 0.000682652 0.11111
-2.008 0.000707239 0.11111
-2 0.000732623 0.11111
-1.992 0.000758824 0.11111
-1.984 0.000785865 0.11111
-1.976 0.00081377 0.11111
-1.968 0.000842562 0.11111
-1.96 0.000872267 0.11111
-1.952 0.000902907 0.11111
-1.944 0.000934509 0.11111
-1.936 0.000967098 0.11111
-1.928 0.0010007 0.11111
-1.92 0.00103534 0.11111
-1.912 0.00107106 0.11111
-1.904 0.00110786 0.11111
-1.896 0.00114579 0.11111
-1.888 0.00118488 0.11111
-1.88 0.00122515 0.11111
-1.872 0.00126663 0.11111
-1.864 0.00130935 0.11111
-1.856 0.00135335 0.11111
-1.848 0.00139866 0.11111
-1.84 0.00144531 0.11111
-1.832 0.00149333 0.11111
-1.824 0.00154275 0.11111
-1.816 0.00159362 0.11111
-1.808 0.00164596 0.11111
-1.8 0.00169981 0.11111
-1.792 0.00175521 0.11111
-1.784 0.0018122 0.11111
-1.776 0.0018708 0.11111
-1.768 0.00193107 0.11111
-1.76 0.00199303 0.11111
-1.752 0.00205673 0.11111
-1.744 0.0021222 0.11111
-1.736 0.00218949 0.11111
-1.728 0.00225864 0.11111
-1.72 0.00232969 0.11111
-1.712 0.00240267 0.11111
-1.704 0.00247764 0.11111
-1.696 0.00255464 0.11111
-1.688 0.00263371 0.11111
-1.68 0.0027149 0.11111
-1.672 0.00279824 0.11111
-1.664 0.0028838 0.11111
-1.656 0.0029716 0.11111
-1.648 0.00306171 0.11111
-1.64 0.00315416 0.11111
-1.632 0.00324901 0.11111
-1.624 0.0033463 0.11111
-1.616 0.00344608 0.11111
-1.608 0.00354841 0.11111
-1.6 0.00365333 0.11111
-1.592 0.00376089 0.11111
-1.584 0.00387115 0.11111
-1.576 0.00398415 0.11111
-1.568 0.00409995 0.11111
-1.56 0.00421861 0.11111
-1.552 0.00434017 0.11111
-1.544 0.00446469 0.11111
-1.536 0.00459222 0.11111
-1.528 0.00472282 0.11111
-1.52 0.00485654 0.11111
-1.512 0.00499344 0.11111
-1.504 0.00513358 0.11111
-1.496 0.005277 0.11111
-1.488 0.00542377 0.11111
-1.48 0.00557395 0.11111
-1.472 0.00572759 0.11111
-1.464 0.00588475 0.11111
-1.456 0.00604548 0.11111
-1.448 0.00620985 0.11111
-1.44 0.00637792 0.11111
-1.432 0.00654973 0.11111
-1.424 0.00672536 0.11111
-1.416 0.00690486 0.11111
-1.408 0.00708829 0.11111
-1.4 0.00727571 0.11111
-1.392 0.00746717 0.11111
-1.384 0.00766275 0.11111
-1.376 0.00786249 0.11111
-1.368 0.00806647 0.11111
-1.36 0.00827473 0.11111
-1.352 0.00848733 0.11111
-1.344 0.00870435 0.11111
-1.336 0.00892583 0.11111
-1.328 0.00915184 0.11111
-1.32 0.00938243 0.11111
-1.312 0.00961767 0.11111
-1.304 0.00985762 0.11111
-1.296 0.0101023 0.11111
-1.288 0.0103518 0.11111
-1.28 0.0106063 0.11111
-1.272 0.0108656 0.11111
-1.264 0.0111299 0.11111
-1.256 0.0113993 0.11111
-1.248 0.0116738 0.11111
-1.24 0.0119535 0.11111
-1.232 0.0122384 0.11111
-1.224 0.0125285 0.11111
-1.216 0.012824 0.11111
-1.208 0.0131249 0.11111
-1.2 0.0134312 0.11111
-1.192 0.013743 0.11111
-1.184 0.0140603 0.11111
-1.176 0.0143833 0.11111
-1.168 0.0147118 0.11111
-1.16 0.0150461 0.11111
-1.152 0.0153861 0.11111
-1.144 0.0157319 0.11111
-1.136 0.0160835 0.11111
-1.128 0.016441 0.11111
-1.12 0.0168044 0.11111
-1.112 0.0171738 0.11111
-1.104 0.0175492 0.11111
-1.096 0.0179307 0.11111
-1.088 0.0183182 0.11111
-1.08 0.0187118 0.11111
-1.072 0.0191116 0.11111
-1.064 0.0195176 0.11111
-1.056 0.0199299 0.11111
-1.048 0.0203483 0.11111
-1.04 0.0207731 0.11111
-1.032 0.0212042 0.11111
-1.024 0.0216417 0.11111
-1.016 0.0220855 0.11111
-1.008 0.0225357 0.11111
-1 0.0229923 0.11111
-0.992 0.0234554 0.11111
-0.984 0.0239249 0.11111
-0.976 0.0244009 0.11111
-0.968 0.0248834 0.11111
-0.96 0.0253724 0.11111
-0.952 0.0258679 0.11111
-0.944 0.0263699 0.11111
-0.936 0.0268784 0.11111
-0.928 0.0273935 0.11111
-0.92 0.027915 0.11111
-0.912 0.0284431 0.11111
-0.904 0.0289778 0.11111
-0.896 0.0295189 0.11111
-0.888 0.0300666 0.11111
-0.88 0.0306208 0.11111
-0.872 0.0311814 0.11111
-0.864 0.0317485 0.11111
-0.856 0.0323221 0.11111
-0.848 0.0329021 0.11111
-0.84 0.0334886 0.11111
-0.832 0.0340814 0.11111
-0.824 0.0346805 0.11111
-0.816 0.035286 0.11111
-0.808 0.0358978 0.11111
-0.8 0.0365158 0.11111
-0.792 0.0371401 0.11111
-0.784 0.0377705 0.11111
-0.776 0.0384071 0.11111
-0.768 0.0390497 0.11111
-0.76 0.0396984 0.11111
-0.752 0.040353 0.11111
-0.744 0.0410136 0.11111
-0.736 0.04168 0.11111
-0.728 0.0423522 0.11111
-0.72 0.0430301 0.11111
-0.712 0.0437137 0.11111
-0.704 0.0444029 0.11111
-0.696 0.0450976 0.11111
-0.688 0.0457978 0.11111
-0.68 0.0465033 0.11111
-0.672 0.047214 0.11111
-0.664 0.04793 0.11111
-0.656 0.048651 0.11111
-0.648 0.049377 0.11111
-0.64 0.050108 0.11111
-0.632 0.0508437 0.11111
-0.624 0.0515842 0.11111
-0.616 0.0523292 0.11111
-0.608 0.0530787 0.11111
-0.6 0.0538326 0.11111
-0.592 0.0545908 0.11111
-0.584 0.0553531 0.11111
-0.576 0.0561194 0.11111
-0.568 0.0568896 0.11111
-0.56 0.0576636 0.11111
-0.552 0.0584412 0.11111
-0.544 0.0592224 0.11111
-0.536 0.0600069 0.11111
-0.528 0.0607946 0.11111
-0.52 0.0615854 0.11111
-0.512 0.0623792 0.11111
-0.504 0.0631758 0.11111
-0.496 0.063975 0.11111
-0.488 0.0647767 0.11111
-0.48 0.0655808 0.11111
-0.472 0.066387 0.11111
-0.464 0.0671953 0.11111
-0.456 0.0680054 0.11111
-0.448 0.0688172 0.11111
-0.44 0.0696306 0.11111
-0.432 0.0704453 0.11111
-0.424 0.0712612 0.11111
-0.416 0.0720781 0.11111
-0.408 0.0728958 0.11111
-0.4 0.0737142 0.11111
-0.392 0.0745331 0.11111
-0.384 0.0753522 0.11111
-0.376 0.0761715 0.11111
-0.368 0.0769907 0.11111
-0.36 0.0778096 0.11111
-0.352 0.078628 0.11111
-0.344 0.0794458 0.11111
-0.336 0.0802627 0.11111
-0.328 0.0810786 0.11111
-0.32 0.0818933 0.11111
-0.312 0.0827065 0.11111
-0.304 0.083518 0.11111
-0.296 0.0843277 0.11111
-0.288 0.0851354 0.11111
-0.28 0.0859408 0.11111
-0.272 0.0867438 0.11111
-0.264 0.0875441 0.11111
-0.256 0.0883416 0.11111
-0.248 0.089136 0.11111
-0.24 0.0899271 0.11111
-0.232 0.0907147 0.11111
-0.224 0.0914986 0.11111
-0.216 0.0922787 0.11111
-0.208 0.0930546 0.11111
-0.2 0.0938262 0.11111
-0.192 0.0945932 0.11111
-0.184 0.0953556 0.11111
-0.176 0.096113 0.11111
-0.168 0.0968652 0.11111
-0.16 0.0976121 0.11111
-0.152 0.0983534 0.11111
-0.144 0.0990889 0.11111
-0.136 0.0998184 0.11111
-0.128 0.100542 0.11111
-0.12 0.101259 0.11111
-0.112 0.101969 0.11111
-0.104 0.102673 0.11111
-0.096 0.103369 0.11111
-0.088 0.104059 0.11111
-0.08 0.10474 0.11111
-0.072 0.105415 0.11111
-0.064 0.106081 0.11111
-0.056 0.10674 0.11111
-0.048 0.10739 0.11111
-0.04 0.108032 0.11111
-0.032 0.108666 0.11111
-0.024 0.10929 0.11111
-0.016 0.109906 0.11111
-0.008 0.110513 0.11111
3.4972e-15 0.11111 0.11111
0.008 0.111698 0.11111
0.016 0.112276 0.11111
0.024 0.112844 0.11111
0.032 0.113402 0.11111
0.04 0.113951 0.11111
0.048 0.114488 0.11111
0.056 0.115016 0.11111
0.064 0.115532 0.11111
0.072 0.116038 0.11111
0.08 0.116533 0.11111
0.088 0.117017 0.11111
0.096 0.11749 0.11111
0.104 0.117951 0.11111
0.112 0.1184 0.11111
0.12 0.118838 0.11111
0.128 0.119264 0.11111
0.136 0.119678 0.11111
0.144 0.120081 0.11111
0.152 0.120471 0.11111
0.16 0.120848 0.11111
0.168 0.121213 0.11111
0.176 0.121566 0.11111
0.184 0.121906 0.11111
0.192 0.122234 0.11111
0.2 0.122548 0.11111
0.208 0.12285 0.11111
0.216 0.123138 0.11111
0.224 0.123414 0.11111
0.232 0.123676 0.11111
0.24 0.123926 0.11111
0.248 0.124161 0.11111
0.256 0.124384 0.11111
0.264 0.124593 0.11111
0.272 0.124789 0.11111
0.28 0.124971 0.11111
0.288 0.125139 0.11111
0.296 0.125294 0.11111
0.304 0.125435 0.11111
0.312 0.125562 0.11111
0.32 0.125676 0.11111
0.328 0.125776 0.11111
0.336 0.125862 0.11111
0.344 0.125935 0.11111
0.352 0.125993 0.11111
0.36 0.126038 0.11111
0.368 0.126069 0.11111
0.376 0.126086 0.11111
0.384 0.126089 0.11111
0.392 0.126079 0.11111
0.4 0.126055 0.11111
0.408 0.126017 0.11111
0.416 0.125965 0.11111
0.424 0.1259 0.11111
0.432 0.125821 0.11111
0.44 0.125729 0.11111
0.448 0.125622 0.11111
0.456 0.125503 0.11111
0.464 0.12537 0.11111
0.472 0.125223 0.11111
0.48 0.125064 0.11111
0.488 0.12489 0.11111
0.496 0.124704 0.11111
0.504 0.124505 0.11111
0.512 0.124292 0.11111
0.52 0.124067 0.11111
0.528 0.123829 0.11111
0.536 0.123578 0.11111
0.544 0.123314 0.11111
0.552 0.123038 0.11111
0.56 0.122749 0.11111
0.568 0.122448 0.11111
0.576 0.122135 0.11111
0.584 0.121809 0.11111
0.592 0.121472 0.11111
0.6 0.121122 0.11111
0.608 0.120761 0.11111
0.616 0.120388 0.11111
0.624 0.120004 0.11111
0.632 0.119608 0.11111
0.64 0.119201 0.11111
0.648 0.118783 0.11111
0.656 0.118354 0.11111
0.664 0.117915 0.11111
0.672 0.117464 0.11111
0.68 0.117003 0.11111
0.688 0.116532 0.11111
0.696 0.116051 0.11111
0.704 0.115559 0.11111
0.712 0.115058 0.11111
0.72 0.114547 0.11111
0.728 0.114027 0.11111
0.736 0.113497 0.11111
0.744 0.112958 0.11111
0.752 0.11241 0.11111
0.76 0.111853 0.11111
0.768 0.111287 0.11111
0.776 0.110713 0.11111
0.784 0.110131 0.11111
0.792 0.109541 0.11111
0.8 0.108942 0.11111
0.808 0.108336 0.11111
0.816 0.107723 0.11111
0.824 0.107102 0.11111
0.832 0.106474 0.11111
0.84 0.105839 0.11111
0.848 0.105197 0.11111
0.856 0.104548 0.11111
0.864 0.103894 0.11111
0.872 0.103233 0.11111
0.88 0.102565 0.11111
0.888 0.101892 0.11111
0.896 0.101214 0.11111
0.904 0.10053 0.11111
0.912 0.0998406 0.11111
0.92 0.0991463 0.11111
0.928 0.0984471 0.11111
0.936 0.0977432 0.11111
0.944 0.0970349 0.11111
0.952 0.0963223 0.11111
0.96 0.0956056 0.11111
0.968 0.094885 0.11111
0.976 0.0941607 0.11111
0.984 0.0934329 0.11111
0.992 0.0927018 0.11111
1 0.0919676 0.11111
1.008 0.0912304 0.11111
1.016 0.0904904 0.11111
1.024 0.0897479 0.11111
1.032 0.089003 0.11111
1.04 0.0882559 0.11111
1.048 0.0875068 0.11111
1.056 0.0867558 0.11111
1.064 0.0860032 0.11111
1.072 0.0852491 0.11111
1.08 0.0844938 0.11111
1.088 0.0837373 0.11111
1.096 0.0829799 0.11111
1.104 0.0822216 0.11111
1.112 0.0814628 0.11111
1.12 0.0807036 0.11111
1.128 0.0799441 0.11111
1.136 0.0791845 0.11111
1.144 0.078425 0.11111
1.152 0.0776657 0.11111
1.16 0.0769068 0.11111
1.168 0.0761485 0.11111
1.176 0.0753908 0.11111
1.184 0.074634 0.11111
1.192 0.0738782 0.11111
1.2 0.0731236 0.11111
1.208 0.0723703 0.11111
1.216 0.0716184 0.11111
1.224 0.0708681 0.11111
1.232 0.0701195 0.11111
1.24 0.0693728 0.11111
1.248 0.0686281 0.11111
1.256 0.0678856 0.11111
1.264 0.0671453 0.11111
1.272 0.0664074 0.11111
1.28 0.065672 0.11111
1.288 0.0649393 0.11111
1.296 0.0642093 0.11111
1.304 0.0634822 0.11111
1.312 0.0627581 0.11111
1.32 0.0620371 0.11111
1.328 0.0613193 0.11111
1.336 0.0606048 0.11111
1.344 0.0598938 0.11111
1.352 0.0591863 0.11111
1.36 0.0584824 0.11111
1.368 0.0577822 0.11111
1.376 0.0570859 0.11111
1.384 0.0563935 0.11111
1.392 0.055705 0.11111
1.4 0.0550207 0.11111
1.408 0.0543405 0.11111
1.416 0.0536646 0.11111
1.424 0.052993 0.11111
1.432 0.0523258 0.11111
1.44 0.051663 0.11111
1.448 0.0510049 0.11111
1.456 0.0503513 0.11111
1.464 0.0497024 0.11111
1.472 0.0490583 0.11111
1.48 0.048419 0.11111
1.488 0.0477845 0.11111
1.496 0.0471549 0.11111
1.504 0.0465304 0.11111
1.512 0.0459108 0.11111
1.52 0.0452963 0.11111
1.528 0.0446869 0.11111
1.536 0.0440827 0.11111
1.544 0.0434837 0.11111
1.552 0.0428899 0.11111
1.56 0.0423014 0.11111
1.568 0.0417182 0.11111
1.576 0.0411404 0.11111
1.584 0.0405679 0.11111
1.592 0.0400008 0.11111
1.6 0.0394392 0.11111
1.608 0.038883 0.11111
1.616 0.0383322 0.11111
1.624 0.037787 0.11111
1.632 0.0372473 0.11111
1.64 0.036713 0.11111
1.648 0.0361843 0.11111
1.656 0.0356612 0.11111
1.664 0.0351436 0.11111
1.672 0.0346316 0.11111
1.68 0.0341251 0.11111
1.688 0.0336243 0.11111
1.696 0.033129 0.11111
1.704 0.0326392 0.11111
1.712 0.0321551 0.11111
1.72 0.0316765 0.11111
1.728 0.0312034 0.11111
1.736 0.030736 0.11111
1.744 0.0302741 0.11111
1.752 0.0298177 0.11111
1.76 0.0293669 0.11111
1.768 0.0289216 0.11111
1.776 0.0284818 0.11111
1.784 0.0280475 0.11111
1.792 0.0276186 0.11111
1.8 0.0271953 0.11111
1.808 0.0267773 0.11111
1.816 0.0263648 0.11111
1.824 0.0259577 0.11111
1.832 0.025556 0.11111
1.84 0.0251596 0.11111
1.848 0.0247686 0.11111
1.856 0.0243829 0.11111
1.864 0.0240024 0.11111
1.872 0.0236272 0.11111
1.88 0.0232573 0.11111
1.888 0.0228925 0.11111
1.896 0.0225329 0.11111
1.904 0.0221785 0.11111
1.912 0.0218291 0.11111
1.92 0.0214848 0.11111
1.928 0.0211456 0.11111
1.936 0.0208114 0.11111
1.944 0.0204821 0.11111
1.952 0.0201578 0.11111
1.96 0.0198384 0.11111
1.968 0.0195239 0.11111
1.976 0.0192142 0.11111
1.984 0.0189093 0.11111
1.992 0.0186092 0.11111
2 0.0183138 0.11111
2.008 0.0180231 0.11111
2.016 0.017737 0.11111
2.024 0.0174556 0.11111
2.032 0.0171787 0.11111
2.04 0.0169064 0.11111
2.048 0.0166385 0.11111
2.056 0.0163752 0.11111
2.064 0.0161162 0.11111
2.072 0.0158616 0.11111
2.08 0.0156114 0.11111
2.088 0.0153655 0.11111
2.096 0.0151238 0.11111
2.104 0.0148863 0.11111
2.112 0.0146531 0.11111
2.12 0.014424 0.11111
2.128 0.014199 0.11111
2.136 0.0139781 0.11111
2.144 0.0137612 0.11111
2.152 0.0135483 0.11111
2.16 0.0133394 0.11111
2.168 0.0131344 0.11111
2.176 0.0129332 0.11111
2.184 0.012736 0.11111
2.192 0.0125425 0.11111
2.2 0.0123528 0.11111
2.208 0.0121669 0.11111
2.216 0.0119847 0.11111
2.224 0.0118061 0.11111
2.232 0.0116312 0.11111
2.24 0.0114599 0.11111
2.248 0.0112922 0.11111
2.256 0.011128 0.11111
2.264 0.0109674 0.11111
2.272 0.0108102 0.11111
2.28 0.0106565 0.11111
2.288 0.0105062 0.11111
2.296 0.0103594 0.11111
2.304 0.0102159 0.11111
2.312 0.0100758 0.11111
2.32 0.00993898 0.11111
2.328 0.0098055 0.11111
2.336 0.00967532 0.11111
2.344 0.00954842 0.11111
2.352 0.00942478 0.11111
2.36 0.00930438 0.11111
2.368 0.00918721 0.11111
2.376 0.00907327 0.11111
2.384 0.00896253 0.11111
2.392 0.00885499 0.11111
2.4 0.00875066 0.11111
2.408 0.00864952 0.11111
2.416 0.00855157 0.11111
2.424 0.00845682 0.11111
2.432 0.00836527 0.11111
2.44 0.00827694 0.11111
2.448 0.00819183 0.11111
2.456 0.00810996 0.11111
2.464 0.00803136 0.11111
2.472 0.00795603 0.11111
2.48 0.00788402 0.11111
2.488 0.00781536 0.11111
2.496 0.00775008 0.11111
2.504 0.00768824 0.11111
2.512 0.00762987 0.11111
2.52 0.00757505 0.11111
2.528 0.00752383 0.11111
2.536 0.00747629 0.11111
2.544 0.00743251 0.11111
2.552 0.00739258 0.11111
2.56 0.00735662 0.11111
2.568 0.00732472 0.11111
2.576 0.00729703 0.11111
2.584 0.00727368 0.11111
2.592 0.00725483 0.11111
2.6 0.00724066 0.11111
2.608 0.00723136 0.11111
2.616 0.00722716 0.11111
2.624 0.0072283 0.11111
2.632 0.00723505 0.11111
2.64 0.00724772 0.11111
2.648 0.00726663 0.11111
2.656 0.00729217 0.11111
2.664 0.00732477 0.11111
2.672 0.0073649 0.11111
2.68 0.00741309 0.11111
2.688 0.00746995 0.11111
2.696 0.00753616 0.11111
2.704 0.00761249 0.11111
2.712 0.00769981 0.11111
2.72 0.00779913 0.11111
2.728 0.00791158 0.11111
2.736 0.00803846 0.11111
2.744 0.00818129 0.11111
2.752 0.00834181 0.11111
2.76 0.00852202 0.11111
2.768 0.00872429 0.11111
2.776 0.00895137 0.11111
2.784 0.00920652 0.11111
2.792 0.00949359 0.11111
2.8 0.00981718 0.11111
2.808 0.0101828 0.11111
2.816 0.0105972 0.11111
2.824 0.0110685 0.11111
2.832 0.0116066 0.11111
2.84 0.0122242 0.11111
2.848 0.0129369 0.11111
2.856 0.0137645 0.11111
2.864 0.0147327 0.11111
2.872 0.0158749 0.11111
2.88 0.0172353 0.11111
2.888 0.018874 0.11111
2.896 0.0208732 0.11111
2.904 0.0233492 0.11111
2.912 0.0264701 0.11111
2.92 0.0304872 0.11111
2.928 0.0357891 0.11111
2.936 0.0430036 0.11111
2.944 0.0531988 0.11111
2.952 0.0683111 0.11111
2.96 0.0921375 0.11111
2.968 0.132899 0.11111
2.976 0.210713 0.11111
2.984 0.381488 0.11111
2.992 0.789449 0.11111
3 1.2341 0.11111
3.008 0.717186 0.11111
3.016 0.314845 0.11111
3.024 0.157984 0.11111
3.032 0.090522 0.11111
3.04 0.0570132 0.11111
3.048 0.0384006 0.11111
3.056 0.0271679 0.11111
3.064 0.0199511 0.11111
3.072 0.0150841 0.11111
3.08 0.0116733 0.11111
3.088 0.00920749 0.11111
3.096 0.00737843 0.11111
3.104 0.00599224 0.11111
3.112 0.00492234 0.11111
3.12 0.00408353 0.11111
3.128 0.00341691 0.11111
3.136 0.0028808 0.11111
3.144 0.00244512 0.11111
3.152 0.00208774 0.11111
3.16 0.00179216 0.11111
3.168 0.00154585 0.11111
3.176 0.00133924 0.11111
3.184 0.00116485 0.11111
3.192 0.00101684 0.11111
3.2 0.000890595 0.11111
3.208 0.000782405 0.11111
3.216 0.000689294 0.11111
3.224 0.000608844 0.11111
3.232 0.000539081 0.11111
3.24 0.000478382 0.11111
3.248 0.000425402 0.11111
3.256 0.000379026 0.11111
3.264 0.00033832 0.11111
3.272 0.0003025 0.11111
3.28 0.000270905 0.11111
3.288 0.000242973 0.11111
3.296 0.000218229 0.11111
3.304 0.000196265 0.11111
3.312 0.000176734 0.11111
3.32 0.000159334 0.11111
3.328 0.000143808 0.11111
3.336 0.000129933 0.11111
3.344 0.000117514 0.11111
3.352 0.000106383 0.11111
3.36 9.63938e-05 0.11111
3.368 8.74173e-05 0.11111
3.376 7.93414e-05 0.11111
3.384 7.20674e-05 0.11111
3.392 6.55087e-05 0.11111
3.4 5.95888e-05 0.11111
3.408 5.42402e-05 0.11111
3.416 4.94033e-05 0.11111
3.424 4.50252e-05 0.11111
3.432 4.1059e-05 0.11111
3.44 3.74631e-05 0.11111
3.448 3.42002e-05 0.11111
3.456 3.12375e-05 0.11111
3.464 2.85453e-05 0.11111
3.472 2.60973e-05 0.11111
3.48 2.38698e-05 0.11111
3.488 2.18418e-05 0.11111
3.496 1.99943e-05 0.11111
3.504 1.83102e-05 0.11111
3.512 1.67743e-05 0.11111
3.52 1.53727e-05 0.11111
3.528 1.40931e-05 0.11111
3.536 1.29243e-05 0.11111
3.544 1.18562e-05 0.11111
3.552 1.08796e-05 0.11111
3.56 9.98645e-06 0.11111
3.568 9.16915e-06 0.11111
3.576 8.421e-06 0.11111
3.584 7.73589e-06 0.11111
3.592 7.10827e-06 0.11111
3.6 6.53312e-06 0.11111
3.608 6.00587e-06 0.11111
3.616 5.52237e-06 0.11111
3.624 5.07886e-06 0.11111
3.632 4.67191e-06 0.11111
3.64 4.29839e-06 0.11111
3.648 3.95546e-06 0.11111
3.656 3.64054e-06 0.11111
3.664 3.35125e-06 0.11111
3.672 3.08545e-06 0.11111
3.68 2.84118e-06 0.11111
3.688 2.61663e-06 0.11111
3.696 2.41018e-06 0.11111
3.704 2.22031e-06 0.11111
3.712 2.04567e-06 0.11111
3.72 1.885e-06 0.11111
3.728 1.73715e-06 0.11111
3.736 1.60108e-06 0.11111
3.744 1.47583e-06 0.11111
3.752 1.36052e-06 0.11111
3.76 1.25434e-06 0.11111
3.768 1.15656e-06 0.11111
3.776 1.06649e-06 0.11111
3.784 9.83522e-07 0.11111
3.792 9.0708e-07 0.11111
3.8 8.36642e-07 0.11111
3.808 7.7173e-07 0.11111
3.816 7.11903e-07 0.11111
3.824 6.56756e-07 0.11111
3.832 6.05917e-07 0.11111
3.84 5.59046e-07 0.11111
3.848 5.15827e-07 0.11111
3.856 4.75974e-07 0.11111
3.864 4.3922e-07 0.11111
3.872 4.05322e-07 0.11111
3.88 3.74055e-07 0.11111
3.888 3.45213e-07 0.11111
3.896 3.18606e-07 0.11111
3.904 2.94059e-07 0.11111
3.912 2.7141e-07 0.11111
3.92 2.50513e-07 0.11111
3.928 2.3123e-07 0.11111
3.936 2.13436e-07 0.11111
3.944 1.97014e-07 0.11111
3.952 1.81859e-07 0.11111
3.96 1.67872e-07 0.11111
3.968 1.54962e-07 0.11111
3.976 1.43047e-07 0.11111
3.984 1.32048e-07 0.11111
3.992 1.21896e-07 0.11111
4 1.12524e-07 0.11111
